12 5 9 14 4 3 18 16 14 1 17 3 7 13 6 16 3 10 17 20 
9 7 16 18 8 7 11 17 10 6 2 16 9 8 8 18 2 5 14 19 
5 11 10 20 11 12 6 10 10 19 2 8 1 9 19 7 11 6 19 14 
13 13 5 9 3 7 8 11 19 4 19 8 16 2 6 8 17 3 1 17 
19 17 1 6 5 19 1 14 5 16 3 19 8 18 13 16 16 2 18 4 
14 12 12 10 14 12 5 20 5 18 14 16 2 7 16 12 16 6 13 20 
13 12 11 8 20 15 6 2 16 15 19 5 7 8 2 17 9 10 5 14 
9 8 18 13 8 20 4 17 3 17 19 1 5 4 5 9 10 9 2 16 
12 4 3 19 4 6 14 3 1 6 8 15 4 6 10 9 11 16 18 13 
20 20 19 14 5 15 12 15 19 7 19 19 17 16 14 19 8 4 1 1 
